COL_INFO <- c(
  'patientid',
  'pharmaid',
  'sampleid',
  'sex',
  'age',
  'apache',
  'dischargestatus',
  'los',
  'los_remain'
)
COL_PHARMA <- c(
  'pharma_1000763',
  'pharma_1000421',
  'pharma_1000724',
  'pharma_1000747',
  'pharma_1000398',
  'pharma_1000612',
  'pharma_1000440',
  'pharma_1000420',
  'pharma_15',
  'pharma_1000394',
  'pharma_251',
  'pharma_1000080',
  'pharma_386',
  'pharma_1000393',
  'pharma_85',
  'pharma_1000439',
  'pharma_1001063',
  'pharma_1000521',
  'pharma_1000491',
  'pharma_1000699',
  'pharma_1000506',
  'pharma_1000268',
  'pharma_1000396',
  'pharma_208',
  'pharma_1000270',
  'pharma_1000438',
  'pharma_1000657',
  'pharma_1000100',
  'pharma_1000873',
  'pharma_1000271',
  'pharma_1000082',
  'pharma_1000950',
  'pharma_1000334',
  'pharma_1000493',
  'pharma_1000505',
  'pharma_1000492',
  'pharma_1000436',
  'pharma_1000522',
  'pharma_11',
  'pharma_1000443',
  'pharma_1000872',
  'pharma_1000292',
  'pharma_1000290',
  'pharma_1000898',
  'pharma_1000459',
  'pharma_1000524',
  'pharma_1000419',
  'pharma_1000297',
  'pharma_1000428',
  'pharma_348',
  'pharma_1000877'
)
COL_PHYSIO_NUM <- c(
  'physio_1',
  'physio_2',
  'physio_3',
  'physio_5',
  'physio_6',
  'physio_7',
  'physio_9',
  'physio_10',
  'physio_11',
  'physio_12',
  'physio_13',
  'physio_14',
  'physio_16',
  'physio_17',
  'physio_18',
  'physio_19',
  'physio_20',
  'physio_22',
  'physio_23',
  'physio_24',
  'physio_25',
  'physio_26',
  'physio_27',
  'physio_28',
  'physio_29',
  'physio_30',
  'physio_31',
  'physio_32',
  'physio_33',
  'physio_34',
  'physio_35',
  'physio_36',
  'physio_37',
  'physio_38',
  'physio_39',
  'physio_40',
  'physio_41',
  'physio_42',
  'physio_43',
  'physio_44',
  'physio_45',
  'physio_46',
  'physio_47',
  'physio_48',
  'physio_49',
  'physio_50',
  'physio_51',
  'physio_52',
  'physio_53',
  'physio_54',
  'physio_55',
  'physio_56',
  'physio_57',
  'physio_58',
  'physio_59',
  'physio_60'
)
COL_PHYSIO_CAT <- c(
  'physio_4',
  'physio_8',
  'physio_15',
  'physio_21'
)
COL_PHYSIO_CAT_DUMMIES <- c(
  'physio_4_1',
  'physio_4_2',
  'physio_4_3',
  'physio_4_4',
  'physio_4_5',
  'physio_4_6',
  'physio_4_7',
  'physio_4_8',
  'physio_4_9',
  'physio_4_10',
  'physio_4_11',
  'physio_4_14',
  'physio_4_15',
  'physio_4_16',
  'physio_4_17',
  'physio_4_18',
  'physio_8_1',
  'physio_8_2',
  'physio_8_3',
  'physio_8_4',
  'physio_8_5',
  'physio_8_6',
  'physio_8_7',
  'physio_8_8',
  'physio_8_11',
  'physio_8_12',
  'physio_8_13',
  'physio_8_14',
  'physio_8_15',
  'physio_15_1',
  'physio_15_2',
  'physio_15_3',
  'physio_15_4',
  'physio_15_5',
  'physio_15_6',
  'physio_21_1',
  'physio_21_5',
  'physio_21_6',
  'physio_21_7',
  'physio_21_8',
  'physio_21_9',
  'physio_21_10',
  'physio_21_11',
  'physio_21_12',
  'physio_21_13',
  'physio_21_14',
  'physio_21_15',
  'physio_21_16'
)
NAMES_PHYSIO <- c(
  'Peripheral oxygen saturation',
  'Respiratory rate',
  'Oxygen administration by mask',
  'Oxygen administration by nasal cannula',
  'Inspired oxygen concentration',
  'Positive end expiratory pressure setting',
  'Positive end expiratory pressure',
  'Ventilator mode',
  'Expiratory tidal volume',
  'Tidal volume setting',
  'Peak inspiratory pressure',
  'Plateau pressure',
  'Mean inspiratory airway pressure',
  'Ventilator rate',
  'Ventilator Airway Code',
  'Central venous oxygenation saturation',
  'Heart rate',
  'Core body temperature',
  'Rectal temperature',
  'Axillary temperature',
  'Circadian rhythm',
  'Troponin T.cardiac [Mass/volume] in Serum or Plasma by High sensitivity method',
  'Creatine kinase panel - Serum or Plasma',
  'Creatine kinase.MB [Mass/volume] in Serum or Plasma',
  'Natriuretic peptide.B prohormone N-Terminal [Mass/volume] in Serum or Plasma',
  'Glasgow Coma Score verbal response subscore',
  'Glasgow Coma Score motor response subscore',
  'Glasgow Coma Score eye opening subscore',
  'Richmond agitation-sedation scale',
  'Hourly urine volume',
  'Measurement of output from drain',
  'Fluid balance',
  'Base excess in Arterial blood by calculation',
  'Carboxyhemoglobin/Hemoglobin.total in Arterial blood',
  'Hemoglobin [Mass/volume] in Arterial blood',
  'Bicarbonate [Moles/volume] in Arterial blood',
  'Lactate [Mass/volume] in Arterial blood',
  'Methemoglobin/Hemoglobin.total in Arterial blood',
  'pH of Arterial blood',
  'Carbon dioxide [Partial pressure] in Arterial blood',
  'Oxygen [Partial pressure] in Arterial blood',
  'Potassium [Moles/volume] in Blood',
  'Sodium [Moles/volume] in Blood',
  'Chloride [Moles/volume] in Blood',
  'Calcium.ionized [Moles/volume] in Blood',
  'Calcium [Moles/volume] in Blood',
  'Phosphate [Moles/volume] in Blood',
  'Magnesium [Moles/volume] in Blood',
  'Urea [Moles/volume] in Venous blood',
  'Creatinine [Moles/volume] in Blood',
  'Creatinine [Moles/volume] in Urine',
  'Sodium [Moles/volume] in Urine',
  'Urea [Moles/volume] in Urine',
  'C reactive protein [Mass/volume] in Serum or Plasma',
  'Procalcitonin [Mass/volume] in Serum or Plasma',
  'Lymphocytes [#/volume] in Blood',
  'Neutrophils/100 leukocytes in Blood',
  'Segmented neutrophils/100 leukocytes in Blood',
  'Band form neutrophils/100 leukocytes in Blood',
  'Leukocytes [#/volume] in Blood'
)